X0 = 0.1			F(X0) = 10			f(X0)-F(X0) = 0
X1 = 0.2			F(X1) = 4.9997			f(X1)-F(X1) = 0.000301663
X2 = 0.3			F(X2) = 3.33332			f(X2)-F(X2) = 1.10034e-05
X3 = 0.4			F(X3) = 2.5			f(X3)-F(X3) = -1.83113e-06
X4 = 0.5			F(X4) = 2			f(X4)-F(X4) = -1.09032e-06
X5 = 0.6			F(X5) = 1.66667			f(X5)-F(X5) = 0
X6 = 0.7			F(X6) = 1.42857			f(X6)-F(X6) = 1.1682e-06
X7 = 0.8			F(X7) = 1.25			f(X7)-F(X7) = 2.13632e-06
X8 = 0.9			F(X8) = 1.11113			f(X8)-F(X8) = -1.46712e-05
X9 = 1			F(X9) = 1.00054			f(X9)-F(X9) = -0.000542993
X10 = 1.1			F(X10) = 0.75964			f(X10)-F(X10) = 0.149451
